cpu node sched    preempt  timer    ipi      elapsedsec    usedsec       idlesec       hltsec        partnerBusyTime bwait         anonsec       handoff  handoffF handoffSF hltEnd   hltIntr  rdispatch  rchoose    irebalresched irebalFailed htWholeCore   htIdleIPI  htSwIPI    htTagAbort htPreempt   exclusiveTo  execStatus   
0   0    6965284  0        0        43848    1216453.725   1214902.456   715.628       1240.677      306.552         0.000         230.268       1        0        0         560455   359515   28         179        0             0            0             0          0          0          0           2103965      0            
1   0    6165378  0        0        226      1216453.725   120.013       715.628       1215832.961   0.945           0.000         114.156       1        0        0         121701098 121656815 1        9          0             0            0             0          0          0          0           2097153      0            
2   0    6655189  0        0        1439     1216453.725   121.982       723.011       1215814.744   0.962           0.000         117.442       2        0        0         121946722 121758573 10       76         0             0            0             0          0          0          0           2097154      0            
3   0    6416953  0        0        41154    1216453.725   1214885.721   723.011       1248.959      315.890         0.000         91.298        0        0        0         253793   190274   4          17         1             0            0             0          0          0          0           2103966      0            
4   0    674720611 0       0        9483017  1216453.725   186144.514    424301.330    540438.722    175021.386      0.000         506.163       1386     0        0         475592280 227951985 99808    1250451    1590          0            0             0          0          0          0           29912217     0            
5   0    523124277 0       0        5434773  1216453.725   181706.552    424301.330    467749.504    175340.667      0.000         378.572       447      0        0         349125269 179596503 46828    846797     1545          0            0             0          0          0          0           29912218     0            
6   0    1026017896 0      0        14361915 1216453.725   120684.961    535251.619    638356.157    13940.548       0.000         760.504       7393     0        0         701408196 209606544 35990    1152003    11488         0            0             0          0          0          0           29912193     0            
7   0    1258128581 0      0        11624281 1216453.725   25265.526     535251.619    853803.321    12791.416       0.000         829.971       5117     0        0         767220707 266727464 23599    1322874    11090         0            0             0          0          0          0           29912194     0            
8   0    6586121  0        0        894      1216453.725   117.695       722.041       1215828.166   0.949           0.000         115.798       0        0        0         121888489 121742633 7        28         0             0            0             0          0          0          0           2097160      0            
9   0    6155036  0        0        40998    1216453.725   1214891.947   722.041       1248.202      310.428         0.000         93.292        0        0        0         141557   130234   5          12         0             0            0             0          0          0          0           2103970      0            
10  0    359942359 0       0        3961030  1216453.725   148402.074    423793.965    523083.740    139948.811      0.000         308.553       639      0        0         305932632 195868671 20217    436736     436           0            0             0          0          0          0           29912215     0            
11  0    629198902 0       0        5608103  1216453.725   220463.722    423793.965    492475.937    138554.780      0.000         301.236       466      0        0         408010683 216080201 23648    696374     376           0            0             0          0          0          0           29912216     0            
12  0    6630624  0        0        41611    1216453.725   1214890.323   720.397       1247.955      311.937         0.000         98.161        0        0        0         461604   269075   0          20         0             0            0             0          0          0          0           2103967      0            
13  0    6227742  0        0        516      1216453.725   122.607       720.397       1215822.330   1.002           0.000         116.815       0        0        0         121763971 121692468 2        34         3             0            0             0          0          0          0           2097165      0            
14  0    586816642 0       0        6062600  1216453.725   228381.056    343300.543    528327.421    219461.710      0.000         340.542       511      0        0         411743961 233709480 26901    745877     630           0            0             0          0          0          0           29912210     0            
15  0    701526086 0       0        6017674  1216453.725   301471.582    343300.543    486339.405    219343.551      0.000         318.594       490      0        0         444253770 238666175 22946    827788     395           0            0             0          0          0          0           29912209     0            
16  0    929877279 0       0        9682710  1216453.725   194854.104    418948.131    485368.261    177125.071      0.000         515.346       2071     0        0         595203028 236761347 30485    1128569    5234          0            0             0          0          0          0           29912206     0            
17  0    953916778 0       0        9625522  1216453.725   183703.360    418948.131    606188.098    177060.507      0.000         619.734       1394     0        0         591698647 237744279 30311    1087662    5813          0            0             0          0          0          0           29912205     0            
18  0    733687076 0       0        7561580  1216453.725   147361.683    464550.492    444554.146    133678.258      0.000         369.332       2109     0        0         463605446 233895549 33204    883120     3854          0            0             0          0          0          0           29912220     0            
19  0    719617713 0       0        7109010  1216453.725   139991.057    464550.492    615637.180    134885.409      0.000         364.723       1213     0        0         470916109 243994774 33650    901520     3091          0            0             0          0          0          0           29912219     0            
20  0    190609092 0       0        983071   1216453.725   304092.434    345150.898    408863.912    219314.641      0.000         249.666       264      0        0         191957556 161900303 3640     101047     245           0            0             0          0          0          0           29912204     0            
21  0    277475111 0       0        1852569  1216453.725   222059.495    345150.898    610933.357    219181.602      0.000         226.896       233      0        0         240498170 174024016 7142     233815     200           0            0             0          0          0          0           29912203     0            
22  0    6427070  0        0        41707    1216453.725   1214892.300   722.926       1248.150      310.197         0.000         93.258        1        0        0         339770   212876   3          6          0             0            0             0          0          0          0           2103969      0            
23  0    6158784  0        0        287      1216453.725   115.574       722.926       1215829.493   0.967           0.000         113.533       0        0        0         121700561 121656935 0        19         1             0            0             0          0          0          0           2097175      0            
24  0    585802357 0       0        4229811  1216453.725   188786.425    382840.311    495190.731    180386.381      0.000         337.747       362      0        0         410237858 260333829 15264    558439     372           0            0             0          0          0          0           29912214     0            
25  0    565306557 0       0        3960656  1216453.725   261986.678    382840.311    520963.189    180643.516      0.000         276.815       332      0        0         373044916 225846287 15806    560686     312           0            0             0          0          0          0           29912213     0            
26  0    533787509 0       0        5451148  1216453.725   258014.050    387395.259    450370.008    174958.326      0.000         317.371       1779     0        0         362065371 204680152 27773    621194     1074          0            0             0          0          0          0           29912201     0            
27  0    715785130 0       0        6221368  1216453.725   183649.156    387395.259    589855.620    174787.990      0.000         334.466       1397     0        0         457113794 244327277 25972    832368     1088          0            0             0          0          0          0           29912202     0            
28  0    939909857 0       0        13218738 1216453.725   27267.765     546929.528    537049.537    13322.048       0.000         439.522       15272    0        0         582367678 304622180 79315    1495931    11166         0            0             0          0          0          0           29912225     0            
29  0    906578619 0       0        11682056 1216453.725   95326.904     546929.528    517382.960    11359.725       0.000         448.185       8628     0        0         546606882 295549241 61535    1309955    12466         0            0             0          0          0          0           29912226     0            
30  0    568583292 0       0        5592033  1216453.725   296726.250    350667.661    454041.852    214225.844      0.000         308.172       473      0        0         377668264 207940176 27000    675153     535           0            0             0          0          0          0           29912211     0            
31  0    669732779 0       0        6045440  1216453.725   218392.152    350667.661    560741.377    213856.114      0.000         312.309       483      0        0         435020877 232473668 27280    827815     434           0            0             0          0          0          0           29912212     0            
32  0    648427020 0       0        6007229  1216453.725   56868.956     548384.469    522625.405    48127.341       0.000         313.886       451      0        0         420071632 224577092 25376    747384     585           0            0             0          0          0          0           29912224     0            
33  0    573534819 0       0        5620343  1216453.725   62815.831     548384.469    492067.797    47194.805       0.000         310.982       447      0        0         382879403 209495382 27977    755029     453           0            0             0          0          0          0           29912223     0            
34  0    683824875 0       0        6353902  1216453.725   141965.679    503897.996    409474.024    58716.607       0.000         335.159       936      0        0         430080165 227686291 28405    790905     1092          0            0             0          0          0          0           29912197     0            
35  0    666403664 0       0        6164310  1216453.725   66692.054     503897.996    608365.708    62152.342       0.000         327.302       687      0        0         438883479 238680173 28360    807517     1053          0            0             0          0          0          0           29912198     0            
36  0    689994281 0       0        6430422  1216453.725   233504.005    379321.145    436224.886    219348.640      0.000         328.591       1365     0        0         433733378 232719101 24908    784191     3109          0            0             0          0          0          0           29912195     0            
37  0    643585463 0       0        6065319  1216453.725   224307.430    379321.145    608587.896    219477.019      0.000         319.289       949      0        0         428948790 236283998 27706    806782     3019          0            0             0          0          0          0           29912196     0            
38  0    6495417  0        0        562      1216453.725   122.827       713.967       1215833.484   0.989           0.000         116.829       0        0        0         121889475 121760195 2        6          2             0            0             0          0          0          0           2097190      0            
39  0    6220930  0        0        41082    1216453.725   1214902.962   713.967       1241.596      305.834         0.000         94.827        0        0        0         183563   171024   2          25         0             0            0             0          0          0          0           2103968      0            
40  0    657853012 0       0        6175112  1216453.725   263397.655    386032.584    406058.317    176614.359      0.000         362.929       485      0        0         436517601 238779149 26671    783440     667           0            0             0          0          0          0           29912222     0            
41  0    665752486 0       0        6127214  1216453.725   180990.901    386032.584    608363.157    176514.350      0.000         323.290       491      0        0         437967533 239276951 27981    818645     539           0            0             0          0          0          0           29912221     0            
42  0    1246975622 0      0        13148586 1216453.725   143758.871    506940.482    646101.410    44285.634       0.000         826.305       13762    0        0         831695356 319429013 32563    1140459    4665          0            0             0          0          0          0           29912190     0            
43  0    1489374922 0      0        14852866 1216453.725   58813.891     506940.482    848063.271    44160.123       0.000         1029.339      9911     0        0         875526112 295100617 31444    1456059    8192          0            0             0          0          0          0           29912189     0            
44  0    669703957 0       0        6154324  1216453.725   222996.836    386693.047    405616.641    215557.451      0.000         326.989       470      0        0         420745288 225451161 24774    772377     654           0            0             0          0          0          0           29912186     0            
45  0    647702668 0       0        5852490  1216453.725   220070.794    386693.047    608987.913    215629.139      0.000         315.403       459      0        0         428991110 239510201 25825    787284     572           0            0             0          0          0          0           29912188     0            
46  0    690367258 0       0        6806058  1216453.725   106221.917    542576.369    436651.629    21594.064       0.000         352.809       3791     0        0         438352955 239306093 27505    815741     1507          0            0             0          0          0          0           29912207     0            
47  0    703511895 0       0        6434240  1216453.725   25079.070     542576.369    606057.310    19698.574       0.000         338.449       2344     0        0         453976796 252099670 27091    853817     1566          0            0             0          0          0          0           29912208     0            
48  0    506624102 0       0        4596576  1216453.725   266594.017    382460.407    488838.150    180686.850      0.000         287.053       401      0        0         343895457 200619841 21392    556618     611           0            0             0          0          0          0           29912200     0            
49  0    612606166 0       0        5016554  1216453.725   184938.893    382460.407    527184.215    180470.242      0.000         299.290       445      0        0         398717728 224934374 22037    659199     467           0            0             0          0          0          0           29912199     0            
50  0    738812388 0       0        8228794  1216453.725   186989.358    423549.124    476830.784    176909.237      0.000         363.246       6096     0        0         465753260 252499753 39689    1019384    3151          0            0             0          0          0          0           0            0            
51  0    751219660 0       0        7611935  1216453.725   182366.118    423549.124    589248.743    176749.785      0.000         360.973       4339     0        0         473927832 263223045 36522    946728     3490          0            0             0          0          0          0           0            0            
52  0    3691987214 0      0        83042378 1216453.725   61895.019     518231.955    818167.768    13572.638       0.000         1752.375      119048   0        0         2061235042 979727239 547400  8947297    52130         0            0             0          0          0          0           29912191     0            
53  0    3893354040 0      0        70991558 1216453.725   118094.795    518231.955    816030.693    17001.889       0.000         2200.523      72927    0        0         2061240317 1177220091 426376 6565421    60896         0            0             0          0          0          0           29912192     0            
54  0    3202300995 0      0        58620493 1216453.725   180456.062    438176.256    785647.224    136200.671      0.000         1396.800      97400    0        0         1701357469 780227393 272315  6444751    31481         0            0             0          0          0          0           0            0            
55  0    3994778667 0      0        53737974 1216453.725   159645.151    438176.256    915072.763    136107.080      0.000         1638.006      64270    0        0         1878590117 1028277203 264737 4926268    46489         0            0             0          0          0          0           0            0            
56  1    6765341  0        0        44010    1216453.725   1214860.256   715.986       1179.548      410.926         0.000         97.201        4        0        0         452662   285673   16         221        0             0            0             0          0          0          0           2103975      0            
57  1    6381170  0        0        664      1216453.725   161.496       715.986       1215628.127   0.791           0.000         159.728       0        0        0         121793987 121689570 2        72         245           0            0             0          0          0          0           2097209      0            
58  1    952278114 0       0        19056181 1216453.725   252128.824    363330.942    475612.809    231330.818      0.000         637.464       16263    0        0         622603779 271557422 169753   2090239    9960          0            0             0          0          0          0           29867638     0            
59  1    827131804 0       0        12212083 1216453.725   237663.017    363330.942    487831.063    231438.477      0.000         528.121       8030     0        0         480318291 230092162 98996    1378787    11022         0            0             0          0          0          0           29867639     0            
60  1    526735483 0       0        7031568  1216453.725   209212.536    408840.652    421361.815    181322.588      0.000         349.883       1588     0        0         360171813 173048376 30894    885220     877           0            0             0          0          0          0           29867636     0            
61  1    655483468 0       0        8589512  1216453.725   189559.884    408840.652    489483.739    181300.084      0.000         382.088       961      0        0         432975086 223764193 33525    1125899    788           0            0             0          0          0          0           29867637     0            
62  1    631925457 0       0        7244177  1216453.725   185473.646    422945.917    450599.543    176728.820      0.000         377.231       1396     0        0         419203742 218973891 29659    939064     1372          0            0             0          0          0          0           29867634     0            
63  1    656031794 0       0        7325455  1216453.725   185088.244    422945.917    482029.957    176313.838      0.000         388.386       768      0        0         439381023 236372721 29826    850944     1260          0            0             0          0          0          0           29867635     0            
64  1    657996877 0       0        7655945  1216453.725   65748.289     536548.116    449698.540    56015.294       0.000         387.204       4406     0        0         434590156 233442044 39389    879617     2490          0            0             0          0          0          0           0            0            
65  1    722922570 0       0        9121380  1216453.725   77609.203     536548.116    483222.947    52891.505       0.000         402.144       2612     0        0         466699162 253291481 37566    1159596    2548          0            0             0          0          0          0           0            0            
66  1    3159147874 0      0        67885402 1216453.725   107412.688    509120.856    979699.317    45224.861       0.000         1457.847      104689   0        0         1794924470 827116401 446581  7066353    64165         0            0             0          0          0          0           29867642     0            
67  1    3014476885 0      0        53722423 1216453.725   90799.325     509120.856    1045747.768   45106.465       0.000         1473.018      60767    0        0         1576006295 827093571 352870  5081847    64416         0            0             0          0          0          0           29867643     0            
68  1    3234613736 0      0        52197374 1216453.725   93055.652     540560.590    1039278.820   13898.910       0.000         1321.023      110100   0        0         1745523892 911069888 244900  5284731    39461         0            0             0          0          0          0           29867645     0            
69  1    3405440713 0      0        43725696 1216453.725   42276.894     540560.590    1142138.517   13790.158       0.000         1471.625      67022    0        0         1710120720 1016355734 238211 4036367    54693         0            0             0          0          0          0           29867644     0            
70  1    6268145  0        0        539      1216453.725   164.972       753.208       1215610.407   0.807           0.000         163.618       1        0        0         121781748 121696426 2        65         0             0            0             0          0          0          0           2097222      0            
71  1    6434161  0        0        42421    1216453.725   1214782.337   753.208       1248.865      420.023         0.000         90.926        0        0        0         255896   179209   6          270        0             0            0             0          0          0          0           2103976      0            
72  1    641523360 0       0        7815050  1216453.725   215753.970    403707.007    419860.895    187303.556      0.000         454.450       836      0        0         462667040 268565030 29509    941147     715           0            0             0          0          0          0           29867626     0            
73  1    697961749 0       0        7936361  1216453.725   193285.740    403707.007    493458.887    188295.892      0.000         380.124       748      0        0         454108853 246571406 26153    1064309    532           0            0             0          0          0          0           29867627     0            
74  1    896580644 0       0        11308349 1216453.725   254428.651    345905.814    486349.737    244326.008      0.000         485.845       12967    0        0         562382637 334417340 56425    1177353    5657          0            0             0          0          0          0           29867662     0            
75  1    1030779218 0      0        10827933 1216453.725   270213.446    345905.814    468784.042    243982.751      0.000         471.328       8264     0        0         582108120 347117091 54929    1055492    7499          0            0             0          0          0          0           29867663     0            
76  1    729808557 0       0        8143782  1216453.725   201986.038    417874.314    419944.201    173461.101      0.000         386.958       833      0        0         462472796 249728712 32096    966502     766           0            0             0          0          0          0           29867628     0            
77  1    721183193 0       0        8220164  1216453.725   178719.058    417874.314    493171.954    173596.761      0.000         384.923       859      0        0         464862597 250062020 32092    972085     559           0            0             0          0          0          0           29867629     0            
78  1    6191731  0        0        350      1216453.725   163.926       751.806       1215617.690   0.789           0.000         159.689       0        0        0         121717378 121662759 0        22         0             0            0             0          0          0          0           2097230      0            
79  1    6245754  0        0        42044    1216453.725   1214786.188   751.806       1250.077      414.980         0.000         94.414        1        0        0         186395   147905   0          164        0             0            0             0          0          0          0           2103974      0            
80  1    533464778 0       0        5764687  1216453.725   229335.648    389367.721    432276.604    202593.927      0.000         487.712       1468     0        0         438944810 292904145 17567    620617     1513          0            0             0          0          0          0           29867632     0            
81  1    530193879 0       0        5281374  1216453.725   208382.634    389367.721    503056.708    204099.223      0.000         378.045       1033     0        0         376330595 232399745 17873    665079     1500          0            0             0          0          0          0           29867633     0            
82  1    723871365 0       0        6548402  1216453.725   64436.643     546125.523    488691.441    57705.562       0.000         369.324       788      0        0         464812968 261453238 20015    882012     665           0            0             0          0          0          0           29867647     0            
83  1    589256942 0       0        7257528  1216453.725   59766.036     546125.523    425423.589    54005.583       0.000         373.866       698      0        0         394205984 218329206 31720    882954     446           0            0             0          0          0          0           29867646     0            
84  1    710889060 0       0        7636212  1216453.725   76108.617     538922.741    481632.950    51277.457       0.000         388.806       1542     0        0         461237142 245084705 24964    872831     913           0            0             0          0          0          0           29867654     0            
85  1    679945417 0       0        7724580  1216453.725   62499.626     538922.741    450111.782    54021.116       0.000         399.661       1224     0        0         443408243 235224258 26779    959449     921           0            0             0          0          0          0           29867655     0            
86  1    6176177  0        0        40831    1216453.725   1214792.692   750.899       1249.475      408.896         0.000         100.579       0        0        0         143803   140897   2          8          0             0            0             0          0          0          0           2103972      0            
87  1    6250583  0        0        641      1216453.725   159.235       750.899       1215632.777   0.733           0.000         158.092       0        0        0         121746703 121686133 6        96         1             0            0             0          0          0          0           2097239      0            
88  1    668739556 0       0        7518776  1216453.725   254462.872    363411.889    421386.815    229353.617      0.000         438.587       774      0        0         470988617 272621628 27690    886255     701           0            0             0          0          0          0           29867648     0            
89  1    586027776 0       0        6977392  1216453.725   235167.075    363411.889    492648.616    229507.828      0.000         370.075       690      0        0         403615422 225610503 29990    908045     532           0            0             0          0          0          0           29867649     0            
90  1    624918524 0       0        5945911  1216453.725   235774.235    373520.808    495390.188    227673.805      0.000         367.599       1187     0        0         420953387 242682652 24527    679341     972           0            0             0          0          0          0           29867658     0            
91  1    637230676 0       0        6946807  1216453.725   233637.873    373520.808    432450.136    227819.592      0.000         366.244       1065     0        0         410779289 221722354 25456    863081     920           0            0             0          0          0          0           29867659     0            
92  1    6186393  0        0        40907    1216453.725   1214791.534   750.791       1249.699      410.000         0.000         103.264       0        0        0         154760   131963   1          2          0             0            0             0          0          0          0           2103973      0            
93  1    6232607  0        0        1434     1216453.725   160.609       750.791       1215630.892   0.727           0.000         159.565       0        0        0         121728923 121658261 2        249        30            0            0             0          0          0          0           2097245      0            
94  1    530570893 0       0        4927692  1216453.725   249567.156    360456.660    433885.740    242373.313      0.000         433.079       1723     0        0         412232515 271501452 13456    587130     759           0            0             0          0          0          0           29867631     0            
95  1    356427667 0       0        3001504  1216453.725   245973.249    360456.660    505209.583    242603.825      0.000         358.364       1120     0        0         304803065 229576349 7795     396645     709           0            0             0          0          0          0           29867630     0            
96  1    690706648 0       0        8570608  1216453.725   242336.782    378790.402    500103.750    210117.416      0.000         479.981       5460     0        0         476986828 244436717 28986    959579     1513          0            0             0          0          0          0           29867652     0            
97  1    1017807437 0      0        9840208  1216453.725   216536.138    378790.402    574480.454    209954.241      0.000         649.533       3728     0        0         618450629 269089393 24561    1134790    4362          0            0             0          0          0          0           29867653     0            
98  1    6496691  0        0        345      1216453.725   161.772       751.058       1215624.370   0.781           0.000         160.024       0        0        0         121845655 121677282 2        17         0             0            0             0          0          0          0           2097250      0            
99  1    6418641  0        0        41385    1216453.725   1214789.836   751.058       1248.615      412.707         0.000         101.132       1        0        0         180682   134150   2          69         0             0            0             0          0          0          0           2103971      0            
100 1    786581462 0       0        9175637  1216453.725   204855.908    414930.579    430610.795    176451.701      0.000         485.150       4068     0        0         529305801 311642201 35586    1104098    2117          0            0             0          0          0          0           0            0            
101 1    764720006 0       0        8116437  1216453.725   181736.658    414930.579    502090.972    176232.542      0.000         414.137       2668     0        0         482258740 279077688 36699    1032170    2328          0            0             0          0          0          0           0            0            
102 1    589235969 0       0        5693599  1216453.725   36436.973     579821.308    425376.741    12423.411       0.000         357.182       469      0        0         389334185 219828606 22754    684553     650           0            0             0          0          0          0           29867656     0            
103 1    666575647 0       0        7977373  1216453.725   20374.137     579821.308    489078.055    13471.747       0.000         378.412       685      0        0         433949903 239367142 24594    1160329    531           0            0             0          0          0          0           29867657     0            
104 1    706970096 0       0        7921197  1216453.725   210462.986    399140.274    471556.669    203927.320      0.000         383.288       818      0        0         451987144 250475120 28161    1018506    826           0            0             0          0          0          0           29867640     0            
105 1    691496583 0       0        7388343  1216453.725   207710.190    399140.274    442621.090    202559.720      0.000         380.719       686      0        0         443330882 247018514 27897    1012510    813           0            0             0          0          0          0           29867641     0            
106 1    686215286 0       0        7120221  1216453.725   148021.134    452035.240    490445.822    141524.036      0.000         365.981       810      0        0         440076234 255309298 17224    1056375    592           0            0             0          0          0          0           29867625     0            
107 1    435640195 0       0        4609868  1216453.725   164362.110    452035.240    425892.702    140484.496      0.000         350.456       490      0        0         318135460 197098459 23277    555374     493           0            0             0          0          0          0           29867623     0            
108 1    539130143 0       0        5509653  1216453.725   235626.588    373427.990    443165.042    229672.834      0.000         365.276       2461     0        0         370482655 215268449 22271    634281     1098          0            0             0          0          0          0           29867651     0            
109 1    556378018 0       0        4948875  1216453.725   233971.156    373427.990    491465.269    229568.798      0.000         378.877       1789     0        0         391422271 233395996 20630    601580     1312          0            0             0          0          0          0           29867650     0            
110 1    468457983 0       0        4834472  1216453.725   59103.400     546253.570    444366.952    53960.179       0.000         350.596       609      0        0         338610191 208290740 18791    605859     534           0            0             0          0          0          0           29867661     0            
111 1    510608480 0       0        4341323  1216453.725   64843.185     546253.570    472530.210    58325.205       0.000         346.936       503      0        0         360167757 224132534 17679    594194     489           0            0             0          0          0          0           29867660     0            
